/*--------------------------------*- C++ -*----------------------------------*\
  =========                 |
  \\      /  F ield         | OpenFOAM: The Open Source CFD Toolbox
   \\    /   O peration     | Website:  https://openfoam.org
    \\  /    A nd           | Version:  12
     \\/     M anipulation  |
\*---------------------------------------------------------------------------*/
FoamFile
{
    format      ascii;
    class       cellZoneList;
    location    "constant/polyMesh";
    object      cellZones;
}
// * * * * * * * * * * * * * * * * * * * * * * * * * * * * * * * * * * * * * //

1
(
rotorPatch
{
    type cellZone;
cellLabels      List<label> 
488
(
0
3
18
45
74
78
80
89
90
96
99
100
138
150
152
153
158
161
168
172
174
176
189
191
192
236
237
250
270
275
277
279
292
295
297
300
301
303
304
305
306
330
331
332
404
405
418
419
446
450
451
452
459
467
476
477
478
481
482
483
485
486
487
488
522
523
611
612
613
614
665
666
669
687
698
699
700
701
702
705
706
708
709
711
712
713
714
715
758
759
841
842
843
844
906
911
935
936
937
938
939
940
943
944
945
947
948
949
950
951
952
1071
1072
1082
1083
1153
1154
1179
1185
1186
1187
1188
1189
1190
1191
1193
1194
1195
1196
1197
1198
1218
1257
1258
1340
1341
1342
1343
1463
1464
1470
1471
1472
1473
1474
1475
1476
1477
1478
1479
1486
1500
1501
1504
1546
1547
1636
1637
1638
1639
1735
1764
1765
1771
1772
1773
1776
1777
1778
1779
1780
1781
1782
1790
1792
1811
1812
1815
1896
1964
1965
2090
2092
2093
2097
2100
2101
2102
2103
2108
2110
2136
2137
2138
2139
2140
2236
2237
2238
2239
2456
2461
2464
2472
2475
2476
2477
2604
2607
2608
2609
2613
2614
2615
2616
2860
2914
2997
3007
3009
3010
3011
3012
3013
3014
3335
3385
3387
3465
3466
3470
3471
3472
3473
3474
3475
3476
3535
3892
3893
3973
3974
3975
3976
3977
3978
3979
4033
4034
4115
4123
4124
4126
4127
4128
4129
4130
4131
4132
4133
4454
4455
4584
4585
4586
4673
4674
4675
4690
4691
4692
4693
4694
4695
5107
5201
5234
5235
5236
5237
5250
5251
5252
5253
5254
5255
5330
5331
5332
5333
5799
5875
5876
5877
5878
5880
5884
5885
5886
5887
5982
5983
5984
5985
5986
5987
5988
5989
5990
5991
5992
6047
6197
6198
6199
6213
6214
6215
6216
6217
6218
6219
6220
6221
6222
6223
6224
6225
6226
6227
6228
6493
6495
6499
6500
6501
6502
6503
6504
6505
6627
6628
6629
6630
6709
6710
6853
6855
6856
6858
6860
6861
6862
6867
6870
6874
6876
6881
6883
6884
6885
6886
6887
6888
6889
6890
6891
6892
6893
6894
6895
6896
6897
6898
6899
6900
6901
6902
6903
6904
6905
7142
7143
7144
7145
7146
7147
7148
7149
7150
7151
7152
7153
7154
7155
7156
7157
7458
7459
7460
7461
7462
7463
7464
7465
7466
7467
7468
7469
7470
7471
7472
7473
7474
7475
7476
7477
7478
7479
7480
7481
7482
7483
7484
7485
7486
7653
7657
7659
7662
7663
7864
7865
7866
7867
7868
7869
7870
7871
7872
7873
7874
7875
7876
7877
7878
7879
7880
7881
7882
7883
7885
7886
7889
7890
7891
7892
7893
7894
8036
8037
8038
8039
8040
8041
8042
8043
8044
8045
8046
8239
8278
8280
8284
8285
8386
8479
8481
8484
8487
8491
8493
8573
8575
8577
8613
8615
8616
)
;
}
)

// ************************************************************************* //
