/*--------------------------------*- C++ -*----------------------------------*\
  =========                 |
  \\      /  F ield         | OpenFOAM: The Open Source CFD Toolbox
   \\    /   O peration     | Website:  https://openfoam.org
    \\  /    A nd           | Version:  12
     \\/     M anipulation  |
\*---------------------------------------------------------------------------*/
FoamFile
{
    format      ascii;
    class       cellZoneList;
    location    "constant/polyMesh";
    object      cellZones;
}
// * * * * * * * * * * * * * * * * * * * * * * * * * * * * * * * * * * * * * //

1
(
rotorPatch
{
    type cellZone;
cellLabels      List<label> 
1436
(
62
63
135
137
138
139
140
147
148
168
257
259
260
261
262
263
266
268
270
271
293
296
418
419
420
421
422
423
424
425
426
427
429
442
443
457
461
464
617
626
627
630
636
637
638
639
640
641
642
644
655
656
659
660
661
662
663
676
678
679
707
727
889
892
893
902
903
904
906
909
910
911
912
913
914
915
916
917
918
919
922
923
924
925
926
928
929
935
937
945
948
981
982
985
1007
1243
1244
1248
1257
1260
1261
1262
1264
1265
1266
1267
1268
1269
1270
1271
1272
1275
1278
1279
1280
1281
1283
1288
1291
1294
1295
1300
1301
1303
1306
1307
1341
1352
1354
1355
1373
1374
1376
1378
1692
1695
1698
1699
1700
1701
1702
1703
1704
1709
1715
1716
1719
1720
1722
1724
1727
1730
1732
1734
1735
1736
1739
1740
1741
1742
1744
1747
1748
1749
1750
1756
1790
1791
1810
1811
1812
1823
1824
1825
1835
1836
1846
1847
1848
1849
2137
2178
2179
2194
2195
2196
2198
2199
2233
2242
2243
2244
2246
2248
2249
2251
2254
2255
2257
2259
2260
2262
2264
2265
2269
2271
2277
2280
2282
2285
2286
2287
2288
2289
2290
2291
2294
2320
2321
2322
2335
2345
2346
2347
2348
2349
2362
2372
2373
2374
2375
2386
2387
2388
2389
2400
2401
2402
2403
2410
2411
2412
2794
2795
2805
2806
2807
2808
2841
2844
2845
2850
2851
2852
2853
2854
2855
2859
2860
2862
2865
2870
2871
2872
2873
2875
2888
2896
2901
2902
2903
2904
2906
2907
2908
2909
2910
2912
2920
2922
2924
2929
2930
2932
2933
2940
2943
2944
2946
2947
2948
2949
2950
2978
2979
2980
2981
2987
2989
2992
3003
3004
3005
3013
3014
3015
3029
3030
3031
3041
3053
3068
3069
3070
3071
3072
3296
3297
3298
3301
3302
3303
3304
3305
3306
3576
3577
3578
3579
3581
3590
3591
3592
3593
3594
3595
3613
3614
3616
3617
3618
3619
3625
3631
3632
3633
3634
3635
3636
3637
3642
3643
3645
3648
3650
3653
3654
3657
3666
3668
3670
3671
3676
3677
3678
3682
3686
3690
3692
3701
3725
3728
3737
3754
3778
3779
3780
3808
3809
3810
3961
3963
3964
4051
4052
4053
4054
4099
4100
4101
4102
4111
4113
4116
4117
4118
4119
4120
4121
4122
4124
4125
4126
4127
4130
4172
4398
4399
4400
4486
4487
4488
4489
4493
4499
4500
4501
4502
4503
4504
4505
4513
4514
4516
4517
4521
4525
4526
4527
4528
4529
4530
4532
4535
4536
4540
4542
4543
4544
4550
4552
4554
4555
4556
4557
4558
4560
4561
4563
4564
4571
4736
4737
4738
4739
4772
4773
4774
4776
4777
4778
4779
4780
4781
4782
4783
4785
4906
4910
4911
4912
4945
4949
4950
5009
5010
5011
5277
5281
5282
5283
5285
5287
5289
5290
5291
5434
5436
5443
5444
5445
5455
5456
5459
5463
5465
5466
5468
5469
5470
5471
5472
5473
5478
5481
5632
5633
5634
5635
5637
5640
5642
5643
5644
5645
5646
5647
5650
5698
5699
5700
5701
5731
5733
5749
5750
5768
5769
5794
5795
5796
5797
5799
6094
6096
6097
6098
6117
6118
6119
6120
6121
6122
6123
6124
6135
6137
6184
6186
6188
6189
6198
6200
6202
6203
6214
6223
6275
6278
6281
6283
6358
6359
6364
6384
6386
6389
6390
6391
6393
6395
6396
6399
6400
6401
6402
6404
6410
6411
6446
6447
6448
6449
6460
6461
6466
6467
6468
6469
6470
6492
6796
6797
6798
6799
6800
6801
6802
6803
6804
6805
6806
6807
6808
6813
6814
6815
6820
6821
6822
6823
6824
6825
6850
6852
6853
6855
6856
6857
6858
6859
6861
6862
6864
6869
6871
6872
6874
6901
6902
6903
6904
6910
6912
6915
6916
6917
6918
6919
6920
6921
6922
6924
6926
6929
6930
6931
6932
6935
6936
6937
6938
6939
6940
6941
6942
6943
6945
6946
6959
6960
6961
6962
6992
7022
7025
7038
7039
7044
7045
7046
7049
7050
7052
7099
7112
7115
7116
7117
7118
7119
7123
7128
7320
7349
7350
7351
7354
7370
7411
7413
7436
7437
7438
7439
7440
7441
7442
7443
7444
7446
7452
7453
7454
7455
7456
7457
7458
7459
7460
7461
7471
7483
7486
7488
7489
7490
7491
7493
7496
7498
7499
7500
7501
7510
7513
7521
7522
7523
7524
7529
7530
7531
7533
7540
7542
7544
7545
7554
7555
7556
7557
7558
7559
7560
7561
7562
7563
7564
7565
7566
7567
7568
7569
7570
7571
7572
7573
7580
7582
7583
7589
7629
7633
7636
7902
7903
7904
7905
7906
7907
7908
7909
7924
7925
7926
7927
7928
7929
7930
7931
7932
7933
7938
7942
7943
7944
7975
7984
7985
7986
7991
7992
7993
7994
7997
8008
8009
8010
8038
8039
8047
8049
8051
8052
8055
8056
8057
8058
8060
8063
8068
8069
8077
8078
8079
8102
8103
8104
8105
8106
8107
8108
8109
8110
8111
8112
8113
8114
8115
8116
8119
8120
8123
8124
8128
8420
8421
8422
8423
8424
8425
8426
8427
8429
8430
8431
8439
8440
8441
8442
8443
8445
8446
8447
8448
8449
8450
8451
8452
8484
8494
8495
8496
8497
8507
8508
8509
8513
8514
8515
8516
8523
8527
8528
8529
8533
8534
8566
8568
8569
8571
8573
8578
8579
8590
8606
8607
8608
8609
8610
8611
8612
8613
8614
8615
8616
8617
8618
8619
8620
8622
8625
8626
8627
8628
8629
8630
8639
8640
8641
8960
8961
8962
8963
8964
8965
8966
8967
8968
8969
8970
8972
8973
8974
8975
8976
8977
8978
8979
8980
8981
9011
9012
9013
9015
9019
9020
9025
9026
9027
9029
9037
9038
9039
9040
9047
9049
9056
9059
9086
9088
9093
9094
9103
9114
9115
9116
9117
9118
9119
9120
9121
9122
9123
9124
9125
9126
9127
9128
9129
9130
9131
9132
9133
9134
9135
9138
9139
9140
9141
9145
9146
9147
9148
9149
9151
9152
9240
9564
9565
9566
9567
9568
9569
9570
9571
9572
9574
9580
9582
9583
9595
9596
9601
9602
9603
9605
9609
9613
9614
9616
9623
9624
9625
9626
9648
9659
9664
9666
9673
9674
9675
9690
9691
9692
9693
9694
9695
9696
9697
9698
9699
9700
9701
9702
9703
9704
9705
9706
9707
9708
9709
9710
9712
9713
9716
9717
9718
9719
9793
9794
9795
10012
10013
10014
10015
10016
10017
10020
10021
10022
10023
10024
10025
10042
10043
10044
10045
10046
10047
10048
10049
10050
10051
10052
10053
10092
10093
10094
10095
10096
10097
10099
10101
10102
10103
10105
10106
10117
10118
10119
10120
10124
10126
10129
10130
10143
10156
10172
10173
10186
10189
10191
10202
10203
10204
10205
10206
10207
10208
10209
10210
10211
10213
10234
10236
10238
10239
10241
10242
10244
10245
10250
10252
10255
10256
10271
10272
10447
10448
10449
10450
10451
10452
10453
10454
10455
10456
10457
10458
10459
10460
10461
10462
10463
10464
10465
10466
10467
10468
10469
10470
10471
10472
10473
10474
10475
10476
10479
10480
10481
10482
10483
10484
10487
10488
10489
10490
10491
10492
10495
10496
10497
10498
10499
10500
10503
10504
10505
10506
10507
10508
10509
10512
10513
10515
10517
10520
10521
10522
10523
10525
10526
10528
10529
10533
10534
10536
10552
10555
10557
10558
10560
10563
10564
10565
10580
10602
10603
10606
10623
10624
10625
10626
10635
10636
10639
10640
10641
10642
10645
10647
10650
10652
10653
10654
10655
10656
10661
10663
10772
10773
10775
10776
10780
10782
10783
10784
10787
10788
10789
10790
10792
10793
10794
10795
10800
10801
10802
10803
10804
10805
10808
10809
10810
10811
10812
10813
10816
10817
10818
10819
10822
10823
10824
10825
10826
10827
10830
10831
10832
10833
10834
10835
10836
10837
10838
10839
10840
10841
10842
10843
10844
10845
10854
10855
10856
10857
10858
10859
10869
10870
10871
10872
10873
10874
10886
10888
10891
10893
10897
10899
10917
10923
10924
10925
10926
10927
10931
10934
10938
10939
10942
10944
10945
10973
10976
10979
10982
10985
10988
10991
10993
10999
11001
11005
11007
11009
11011
11016
11018
11021
11023
11024
11026
11027
11028
11029
11031
11033
11034
11035
11036
11038
11040
11041
11043
11045
11046
11047
11048
11049
11050
11051
11052
11053
11054
11055
11057
11058
11059
11062
11063
11064
11065
11106
11117
11118
11123
11127
11128
11131
11135
11137
11139
11144
11146
11150
11152
11155
11157
11158
11160
11161
11163
11164
11166
11167
11169
11171
11173
11174
11176
11178
11179
11180
11182
11184
11186
11188
11190
11192
11193
11194
11195
11197
11200
11254
11258
11259
11262
11264
11266
11268
11270
11284
11315
11328
11329
11332
11337
11340
11341
11343
11347
11349
11350
11352
11355
11356
11357
11363
11364
11365
11370
)
;
}
)

// ************************************************************************* //
