/*--------------------------------*- C++ -*----------------------------------*\
  =========                 |
  \\      /  F ield         | OpenFOAM: The Open Source CFD Toolbox
   \\    /   O peration     | Website:  https://openfoam.org
    \\  /    A nd           | Version:  12
     \\/     M anipulation  |
\*---------------------------------------------------------------------------*/
FoamFile
{
    format      ascii;
    class       cellZoneList;
    location    "constant/polyMesh";
    object      cellZones;
}
// * * * * * * * * * * * * * * * * * * * * * * * * * * * * * * * * * * * * * //

1
(
rotorPatch
{
    type cellZone;
cellLabels      List<label> 
1340
(
1
5
6
13
15
28
29
30
31
32
54
55
58
95
96
97
99
101
153
154
157
158
162
244
245
248
249
250
252
303
304
305
306
307
308
351
352
353
354
363
364
369
370
371
385
403
404
405
406
407
439
442
443
444
445
446
449
509
526
530
531
532
533
549
551
552
553
569
570
571
572
573
576
608
610
616
619
620
656
718
720
734
735
736
752
754
757
759
760
763
778
779
780
781
782
785
840
842
849
850
875
879
890
892
893
993
1003
1004
1007
1009
1011
1013
1018
1031
1034
1037
1110
1112
1116
1117
1143
1146
1156
1157
1158
1160
1161
1291
1296
1307
1308
1312
1314
1315
1317
1321
1332
1336
1337
1338
1339
1340
1342
1446
1448
1452
1453
1469
1472
1475
1481
1483
1486
1487
1684
1687
1688
1693
1694
1696
1698
1699
1701
1705
1713
1714
1715
1717
1719
1720
1721
1722
1723
1724
1725
1726
1854
1856
1858
1859
1868
1874
1875
1877
1880
1882
1886
1887
1888
2093
2097
2121
2122
2126
2129
2130
2136
2138
2143
2151
2152
2153
2154
2155
2156
2157
2158
2159
2160
2161
2162
2163
2213
2214
2284
2285
2320
2322
2323
2326
2338
2339
2341
2344
2423
2596
2624
2626
2627
2628
2629
2630
2631
2670
2671
2672
2677
2678
2681
2683
2685
2688
2689
2690
2691
2692
2693
2694
2695
2696
2697
2698
2699
2756
2757
2758
2759
2770
2771
2855
2856
2857
2858
2859
2884
2887
2888
2889
2890
2892
2894
2895
2896
2897
2900
2903
2909
3011
3012
3013
3017
3018
3023
3024
3027
3032
3033
3061
3243
3265
3270
3275
3276
3279
3297
3312
3313
3319
3320
3321
3322
3324
3325
3327
3328
3329
3330
3331
3332
3333
3334
3335
3336
3337
3338
3339
3340
3351
3409
3413
3416
3426
3427
3428
3429
3535
3536
3537
3538
3539
3540
3556
3557
3559
3560
3561
3562
3567
3570
3572
3573
3575
3576
3698
3699
3700
3701
3702
3703
3704
3706
3710
3711
3712
3713
3717
3718
3719
3720
3721
3722
3725
3726
3727
3728
3755
3756
3764
3765
3766
3767
3772
3773
3775
3776
4005
4006
4007
4024
4028
4029
4030
4033
4035
4060
4062
4068
4074
4076
4077
4079
4081
4082
4084
4085
4086
4087
4088
4089
4090
4091
4092
4093
4094
4102
4106
4108
4172
4173
4174
4175
4176
4177
4179
4181
4182
4183
4186
4189
4190
4191
4192
4265
4267
4270
4271
4272
4273
4274
4275
4302
4303
4312
4313
4314
4319
4321
4322
4323
4325
4381
4383
4384
4404
4408
4409
4410
4463
4464
4465
4466
4471
4472
4473
4474
4479
4480
4482
4483
4484
4485
4487
4488
4534
4535
4536
4538
4539
4540
4544
4548
4551
4553
4555
4557
4859
4860
4881
4882
4888
4889
4897
4901
4902
4903
4904
4905
4906
4907
4908
4909
4910
4916
4918
4990
4991
4992
4993
4994
4995
4996
4997
4998
4999
5000
5001
5002
5003
5004
5007
5011
5012
5080
5083
5086
5087
5088
5089
5090
5122
5124
5125
5126
5128
5129
5130
5133
5136
5137
5186
5187
5189
5202
5207
5208
5209
5210
5212
5213
5214
5273
5274
5275
5277
5278
5279
5282
5283
5288
5289
5294
5297
5300
5301
5302
5303
5305
5307
5311
5328
5329
5331
5338
5340
5342
5343
5344
5347
5349
5748
5749
5750
5764
5765
5774
5775
5776
5778
5780
5781
5782
5783
5784
5785
5854
5855
5856
5857
5858
5859
5860
5861
5862
5863
5864
5865
5866
5867
5868
5869
5870
5871
5874
5875
5881
5938
5939
5944
5946
5949
5950
5951
5952
5992
5993
5994
5996
5999
6035
6036
6045
6046
6052
6064
6065
6066
6067
6096
6100
6101
6103
6109
6110
6113
6114
6121
6123
6124
6126
6127
6130
6131
6134
6135
6139
6140
6143
6145
6146
6150
6151
6154
6156
6159
6160
6444
6445
6446
6448
6449
6452
6581
6582
6584
6592
6593
6595
6596
6645
6646
6647
6648
6649
6650
6651
6652
6653
6654
6655
6656
6657
6658
6659
6660
6669
6670
6679
6680
6734
6735
6736
6737
6738
6739
6740
6741
6804
6806
6815
6828
6829
6848
6849
6855
6856
6872
6876
6877
6880
6881
6882
6885
6887
6889
6890
6891
6892
6899
6900
7141
7142
7143
7144
7145
7147
7148
7166
7187
7188
7190
7193
7194
7290
7314
7315
7316
7317
7318
7319
7320
7321
7438
7439
7484
7485
7488
7490
7521
7522
7523
7524
7525
7526
7527
7528
7529
7531
7532
7533
7534
7535
7536
7542
7543
7550
7551
7601
7602
7603
7604
7605
7606
7607
7608
7609
7610
7611
7612
7688
7689
7701
7702
7703
7704
7711
7712
7713
7714
7715
7716
7722
7724
7729
7733
7734
7736
7738
7739
8015
8016
8019
8021
8022
8028
8029
8030
8037
8038
8039
8040
8053
8054
8057
8058
8059
8061
8063
8069
8070
8072
8073
8199
8201
8202
8211
8212
8213
8214
8215
8216
8217
8218
8220
8230
8232
8234
8235
8248
8249
8251
8252
8321
8322
8331
8332
8333
8334
8391
8412
8413
8414
8424
8426
8432
8434
8474
8475
8476
8477
8478
8479
8480
8481
8482
8483
8484
8485
8486
8488
8490
8492
8589
8591
8599
8600
8602
8727
8729
8731
8739
8845
8846
8847
8849
8850
8852
8856
8921
8923
8937
8938
8941
8944
8945
8946
8952
8953
8954
8955
8960
8962
8963
8964
8967
8988
8990
8991
9117
9118
9119
9120
9121
9122
9123
9124
9129
9130
9131
9132
9133
9134
9135
9136
9137
9142
9143
9144
9145
9146
9147
9148
9149
9154
9155
9156
9157
9158
9159
9160
9161
9162
9203
9204
9205
9206
9207
9208
9209
9210
9231
9232
9233
9234
9235
9236
9237
9238
9239
9240
9241
9245
9246
9247
9248
9249
9250
9270
9271
9272
9273
9274
9288
9289
9300
9301
9307
9308
9336
9337
9338
9339
9340
9342
9343
9344
9345
9346
9347
9348
9353
9357
9358
9359
9411
9413
9439
9440
9441
9442
9443
9448
9449
9450
9493
9494
9496
9497
9501
9504
9505
9506
9507
9508
9510
9514
9515
9518
9519
9520
9521
9522
9523
9525
9526
9527
9528
9541
9562
9563
9564
9565
9566
9568
9569
9570
9571
9572
9573
9574
9575
9577
9578
9579
9672
9673
9675
9676
9677
9678
9679
9683
9684
9685
9688
9691
9692
9693
9696
9698
9699
9718
9720
9721
9722
9723
9724
9745
9747
9749
9750
9751
9752
9754
9755
9756
9757
9783
9784
9785
9786
9787
9788
9789
9790
9791
9792
9793
9794
9795
9796
9797
9798
9800
9801
9810
9811
9816
9817
9818
9819
9820
9821
9822
9823
9824
9849
9850
9851
9852
9853
9854
9855
9856
9943
9944
9945
9946
9947
9948
9950
9951
9952
9953
9954
9956
9957
9961
9963
9964
9965
9966
9967
9968
9969
9970
9972
9973
9978
9979
9981
9982
9995
9999
10002
10019
10024
10025
10026
10034
10041
10043
10078
10085
10087
10088
10089
10096
10097
10098
10099
10100
10101
10102
10103
10104
10105
10106
10112
10113
10114
10119
10120
10136
10137
10153
10155
10159
10160
10161
10162
10186
10187
10200
10201
10204
10207
10208
10210
10211
10215
10217
10220
10221
10222
10225
10232
10233
10266
10267
10268
10269
10270
10271
10272
10273
10278
10281
10284
10329
10358
10360
10375
10376
10381
10394
10395
10396
10397
10398
10399
10403
10405
10410
10420
10421
10437
10438
10439
10440
10443
10444
10445
10451
10452
10453
10454
10456
10458
10459
10460
10461
10463
10464
10465
10466
10467
10468
10470
10471
10475
10491
10492
10506
10517
10518
10519
10604
10658
10660
10661
10662
10663
10674
10676
10682
10683
10710
10711
10721
10723
10726
10729
10730
10731
10732
10740
10749
10750
10752
10756
10757
10758
10759
10760
10761
10762
10764
10766
10768
10769
10792
10793
10795
10801
10804
10805
10806
10810
10811
10813
10814
10824
10825
10827
10828
10829
10848
10849
10850
10851
10852
10882
10985
10987
10989
10992
11004
11005
11006
11009
11010
11011
11012
11015
11020
11021
11026
11044
11046
11047
11048
11053
11055
11063
11074
11075
11076
11078
11100
11216
)
;
}
)

// ************************************************************************* //
