/*--------------------------------*- C++ -*----------------------------------*\
  =========                 |
  \\      /  F ield         | OpenFOAM: The Open Source CFD Toolbox
   \\    /   O peration     | Website:  https://openfoam.org
    \\  /    A nd           | Version:  12
     \\/     M anipulation  |
\*---------------------------------------------------------------------------*/
FoamFile
{
    format      ascii;
    class       cellZoneList;
    location    "constant/polyMesh";
    object      cellZones;
}
// * * * * * * * * * * * * * * * * * * * * * * * * * * * * * * * * * * * * * //

1
(
rotorPatch
{
    type cellZone;
cellLabels      List<label> 
577
(
4
7
19
20
26
46
47
81
82
90
91
92
93
94
106
147
153
163
164
165
166
167
185
186
216
270
275
284
286
287
288
289
290
291
292
317
318
319
320
321
345
346
348
431
432
440
441
442
443
444
450
456
458
459
460
461
462
463
464
465
466
495
496
497
498
500
501
502
538
539
540
543
622
672
673
681
682
683
684
685
686
687
688
689
690
691
692
693
694
695
696
697
727
728
729
731
732
736
737
776
777
778
779
782
783
887
950
954
955
958
959
960
961
962
964
965
966
967
968
969
970
971
973
975
976
977
978
994
997
998
1001
1002
1007
1051
1055
1056
1195
1261
1262
1265
1270
1271
1272
1274
1277
1278
1279
1280
1281
1282
1283
1284
1285
1287
1289
1290
1292
1297
1298
1299
1303
1304
1305
1308
1309
1345
1346
1347
1348
1548
1571
1577
1582
1583
1587
1588
1589
1590
1591
1592
1593
1594
1595
1596
1598
1599
1607
1608
1609
1610
1615
1616
1652
1661
1662
1663
1732
1863
1869
1871
1873
1914
1916
1917
1918
1919
1920
1921
1922
1923
1924
1936
1938
1939
1940
1941
1946
1982
1983
1984
1999
2074
2076
2198
2199
2206
2207
2215
2217
2219
2275
2276
2277
2278
2279
2280
2281
2296
2297
2298
2336
2337
2338
2351
2359
2459
2461
2592
2594
2595
2600
2609
2610
2611
2612
2613
2668
2669
2670
2671
2672
2687
2688
2740
2741
2742
2748
2749
2750
2751
2861
2862
2863
3026
3032
3042
3043
3044
3045
3046
3100
3102
3110
3111
3120
3121
3122
3135
3198
3199
3200
3201
3202
3203
3205
3206
3207
3320
3322
3323
3546
3555
3556
3557
3558
3565
3567
3601
3603
3613
3617
3618
3622
3686
3688
3689
3690
3691
3692
3693
3739
3740
3741
3804
3805
3806
4033
4035
4037
4083
4156
4160
4161
4162
4163
4164
4165
4166
4221
4222
4223
4224
4352
4353
4594
4596
4617
4619
4621
4623
4625
4700
4701
4702
4703
4704
4705
4706
4758
4918
4919
4920
4921
4922
4923
4924
4925
4930
5198
5203
5204
5205
5207
5209
5211
5213
5214
5215
5216
5272
5273
5276
5278
5279
5494
5495
5496
5497
5498
5499
5500
5501
5504
5512
5513
5514
5515
5517
5520
5521
5522
5523
5524
5525
5526
5527
5816
5817
5818
5819
5897
5898
5899
5900
5901
6108
6109
6110
6111
6112
6115
6116
6117
6118
6119
6120
6121
6122
6123
6124
6125
6126
6127
6128
6129
6130
6135
6136
6137
6138
6282
6283
6285
6286
6287
6293
6295
6296
6298
6299
6502
6717
6719
6720
6722
6723
6725
6727
6728
6729
6731
6733
6734
6735
6737
6739
6740
6742
6743
6744
6745
6746
6891
6892
6893
6894
6895
6896
6897
6898
6899
6900
6901
7037
7038
7040
7236
7238
7240
7241
7242
7244
7246
7247
7248
7250
7252
7253
7254
7256
7258
7259
7268
7351
7372
7373
7374
7375
7376
7377
7479
7500
7678
7680
7681
7682
7684
7686
7687
7700
7701
7702
7703
7704
7705
7706
7707
7773
7774
7775
7776
7777
7778
7973
7974
7975
7976
7985
7986
7991
7992
8012
8013
8014
8015
8016
8017
8018
8019
8080
8081
8196
8197
8204
8205
8215
8220
8221
8242
8243
8244
8245
8246
8247
8248
8344
8351
8352
8361
8362
8442
8443
8444
8445
8446
8447
8448
)
;
}
)

// ************************************************************************* //
