/*--------------------------------*- C++ -*----------------------------------*\
  =========                 |
  \\      /  F ield         | OpenFOAM: The Open Source CFD Toolbox
   \\    /   O peration     | Website:  https://openfoam.org
    \\  /    A nd           | Version:  9
     \\/     M anipulation  |
\*---------------------------------------------------------------------------*/
FoamFile
{
    format      ascii;
    class       labelList;
    note        "nPoints: 3549 nCells: 2880 nFaces: 9264 nInternalFaces: 8016";
    location    "constant/polyMesh";
    object      neighbour;
}
// * * * * * * * * * * * * * * * * * * * * * * * * * * * * * * * * * * * * * //


8016
(
1
12
240
2
13
241
3
14
242
4
15
243
5
16
244
6
17
245
7
18
246
8
19
247
9
20
248
10
21
249
11
22
250
23
251
13
24
252
14
25
253
15
26
254
16
27
255
17
28
256
18
29
257
19
30
258
20
31
259
21
32
260
22
33
261
23
34
262
35
263
25
36
264
26
37
265
27
38
266
28
39
267
29
40
268
30
41
269
31
42
270
32
43
271
33
44
272
34
45
273
35
46
274
47
275
37
48
276
38
49
277
39
50
278
40
51
279
41
52
280
42
53
281
43
54
282
44
55
283
45
56
284
46
57
285
47
58
286
59
287
49
60
288
50
61
289
51
62
290
52
63
291
53
64
292
54
65
293
55
66
294
56
67
295
57
68
296
58
69
297
59
70
298
71
299
61
72
300
62
73
301
63
74
302
64
75
303
65
76
304
66
77
305
67
78
306
68
79
307
69
80
308
70
81
309
71
82
310
83
311
73
84
312
74
85
313
75
86
314
76
87
315
77
88
316
78
89
317
79
90
318
80
91
319
81
92
320
82
93
321
83
94
322
95
323
85
96
324
86
97
325
87
98
326
88
99
327
89
100
328
90
101
329
91
102
330
92
103
331
93
104
332
94
105
333
95
106
334
107
335
97
108
336
98
109
337
99
110
338
100
111
339
101
112
340
102
113
341
103
114
342
104
115
343
105
116
344
106
117
345
107
118
346
119
347
109
120
348
110
121
349
111
122
350
112
123
351
113
124
352
114
125
353
115
126
354
116
127
355
117
128
356
118
129
357
119
130
358
131
359
121
132
360
122
133
361
123
134
362
124
135
363
125
136
364
126
137
365
127
138
366
128
139
367
129
140
368
130
141
369
131
142
370
143
371
133
144
372
134
145
373
135
146
374
136
147
375
137
148
376
138
149
377
139
150
378
140
151
379
141
152
380
142
153
381
143
154
382
155
383
145
156
384
146
157
385
147
158
386
148
159
387
149
160
388
150
161
389
151
162
390
152
163
391
153
164
392
154
165
393
155
166
394
167
395
157
168
396
158
169
397
159
170
398
160
171
399
161
172
400
162
173
401
163
174
402
164
175
403
165
176
404
166
177
405
167
178
406
179
407
169
180
408
170
181
409
171
182
410
172
183
411
173
184
412
174
185
413
175
186
414
176
187
415
177
188
416
178
189
417
179
190
418
191
419
181
192
420
182
193
421
183
194
422
184
195
423
185
196
424
186
197
425
187
198
426
188
199
427
189
200
428
190
201
429
191
202
430
203
431
193
204
432
194
205
433
195
206
434
196
207
435
197
208
436
198
209
437
199
210
438
200
211
439
201
212
440
202
213
441
203
214
442
215
443
205
216
444
206
217
445
207
218
446
208
219
447
209
220
448
210
221
449
211
222
450
212
223
451
213
224
452
214
225
453
215
226
454
227
455
217
228
456
218
229
457
219
230
458
220
231
459
221
232
460
222
233
461
223
234
462
224
235
463
225
236
464
226
237
465
227
238
466
239
467
229
468
230
469
231
470
232
471
233
472
234
473
235
474
236
475
237
476
238
477
239
478
479
241
252
480
242
253
481
243
254
482
244
255
483
245
256
484
246
257
485
247
258
486
248
259
487
249
260
488
250
261
489
251
262
490
263
491
253
264
492
254
265
493
255
266
494
256
267
495
257
268
496
258
269
497
259
270
498
260
271
499
261
272
500
262
273
501
263
274
502
275
503
265
276
504
266
277
505
267
278
506
268
279
507
269
280
508
270
281
509
271
282
510
272
283
511
273
284
512
274
285
513
275
286
514
287
515
277
288
516
278
289
517
279
290
518
280
291
519
281
292
520
282
293
521
283
294
522
284
295
523
285
296
524
286
297
525
287
298
526
299
527
289
300
528
290
301
529
291
302
530
292
303
531
293
304
532
294
305
533
295
306
534
296
307
535
297
308
536
298
309
537
299
310
538
311
539
301
312
540
302
313
541
303
314
542
304
315
543
305
316
544
306
317
545
307
318
546
308
319
547
309
320
548
310
321
549
311
322
550
323
551
313
324
552
314
325
553
315
326
554
316
327
555
317
328
556
318
329
557
319
330
558
320
331
559
321
332
560
322
333
561
323
334
562
335
563
325
336
564
326
337
565
327
338
566
328
339
567
329
340
568
330
341
569
331
342
570
332
343
571
333
344
572
334
345
573
335
346
574
347
575
337
348
576
338
349
577
339
350
578
340
351
579
341
352
580
342
353
581
343
354
582
344
355
583
345
356
584
346
357
585
347
358
586
359
587
349
360
588
350
361
589
351
362
590
352
363
591
353
364
592
354
365
593
355
366
594
356
367
595
357
368
596
358
369
597
359
370
598
371
599
361
372
600
362
373
601
363
374
602
364
375
603
365
376
604
366
377
605
367
378
606
368
379
607
369
380
608
370
381
609
371
382
610
383
611
373
384
612
374
385
613
375
386
614
376
387
615
377
388
616
378
389
617
379
390
618
380
391
619
381
392
620
382
393
621
383
394
622
395
623
385
396
624
386
397
625
387
398
626
388
399
627
389
400
628
390
401
629
391
402
630
392
403
631
393
404
632
394
405
633
395
406
634
407
635
397
408
636
398
409
637
399
410
638
400
411
639
401
412
640
402
413
641
403
414
642
404
415
643
405
416
644
406
417
645
407
418
646
419
647
409
420
648
410
421
649
411
422
650
412
423
651
413
424
652
414
425
653
415
426
654
416
427
655
417
428
656
418
429
657
419
430
658
431
659
421
432
660
422
433
661
423
434
662
424
435
663
425
436
664
426
437
665
427
438
666
428
439
667
429
440
668
430
441
669
431
442
670
443
671
433
444
672
434
445
673
435
446
674
436
447
675
437
448
676
438
449
677
439
450
678
440
451
679
441
452
680
442
453
681
443
454
682
455
683
445
456
684
446
457
685
447
458
686
448
459
687
449
460
688
450
461
689
451
462
690
452
463
691
453
464
692
454
465
693
455
466
694
467
695
457
468
696
458
469
697
459
470
698
460
471
699
461
472
700
462
473
701
463
474
702
464
475
703
465
476
704
466
477
705
467
478
706
479
707
469
708
470
709
471
710
472
711
473
712
474
713
475
714
476
715
477
716
478
717
479
718
719
481
492
720
482
493
721
483
494
722
484
495
723
485
496
724
486
497
725
487
498
726
488
499
727
489
500
728
490
501
729
491
502
730
503
731
493
504
732
494
505
733
495
506
734
496
507
735
497
508
736
498
509
737
499
510
738
500
511
739
501
512
740
502
513
741
503
514
742
515
743
505
516
744
506
517
745
507
518
746
508
519
747
509
520
748
510
521
749
511
522
750
512
523
751
513
524
752
514
525
753
515
526
754
527
755
517
528
756
518
529
757
519
530
758
520
531
759
521
532
760
522
533
761
523
534
762
524
535
763
525
536
764
526
537
765
527
538
766
539
767
529
540
768
530
541
769
531
542
770
532
543
771
533
544
772
534
545
773
535
546
774
536
547
775
537
548
776
538
549
777
539
550
778
551
779
541
552
780
542
553
781
543
554
782
544
555
783
545
556
784
546
557
785
547
558
786
548
559
787
549
560
788
550
561
789
551
562
790
563
791
553
564
792
554
565
793
555
566
794
556
567
795
557
568
796
558
569
797
559
570
798
560
571
799
561
572
800
562
573
801
563
574
802
575
803
565
576
804
566
577
805
567
578
806
568
579
807
569
580
808
570
581
809
571
582
810
572
583
811
573
584
812
574
585
813
575
586
814
587
815
577
588
816
578
589
817
579
590
818
580
591
819
581
592
820
582
593
821
583
594
822
584
595
823
585
596
824
586
597
825
587
598
826
599
827
589
600
828
590
601
829
591
602
830
592
603
831
593
604
832
594
605
833
595
606
834
596
607
835
597
608
836
598
609
837
599
610
838
611
839
601
612
840
602
613
841
603
614
842
604
615
843
605
616
844
606
617
845
607
618
846
608
619
847
609
620
848
610
621
849
611
622
850
623
851
613
624
852
614
625
853
615
626
854
616
627
855
617
628
856
618
629
857
619
630
858
620
631
859
621
632
860
622
633
861
623
634
862
635
863
625
636
864
626
637
865
627
638
866
628
639
867
629
640
868
630
641
869
631
642
870
632
643
871
633
644
872
634
645
873
635
646
874
647
875
637
648
876
638
649
877
639
650
878
640
651
879
641
652
880
642
653
881
643
654
882
644
655
883
645
656
884
646
657
885
647
658
886
659
887
649
660
888
650
661
889
651
662
890
652
663
891
653
664
892
654
665
893
655
666
894
656
667
895
657
668
896
658
669
897
659
670
898
671
899
661
672
900
662
673
901
663
674
902
664
675
903
665
676
904
666
677
905
667
678
906
668
679
907
669
680
908
670
681
909
671
682
910
683
911
673
684
912
674
685
913
675
686
914
676
687
915
677
688
916
678
689
917
679
690
918
680
691
919
681
692
920
682
693
921
683
694
922
695
923
685
696
924
686
697
925
687
698
926
688
699
927
689
700
928
690
701
929
691
702
930
692
703
931
693
704
932
694
705
933
695
706
934
707
935
697
708
936
698
709
937
699
710
938
700
711
939
701
712
940
702
713
941
703
714
942
704
715
943
705
716
944
706
717
945
707
718
946
719
947
709
948
710
949
711
950
712
951
713
952
714
953
715
954
716
955
717
956
718
957
719
958
959
721
732
960
722
733
961
723
734
962
724
735
963
725
736
964
726
737
965
727
738
966
728
739
967
729
740
968
730
741
969
731
742
970
743
971
733
744
972
734
745
973
735
746
974
736
747
975
737
748
976
738
749
977
739
750
978
740
751
979
741
752
980
742
753
981
743
754
982
755
983
745
756
984
746
757
985
747
758
986
748
759
987
749
760
988
750
761
989
751
762
990
752
763
991
753
764
992
754
765
993
755
766
994
767
995
757
768
996
758
769
997
759
770
998
760
771
999
761
772
1000
762
773
1001
763
774
1002
764
775
1003
765
776
1004
766
777
1005
767
778
1006
779
1007
769
780
1008
770
781
1009
771
782
1010
772
783
1011
773
784
1012
774
785
1013
775
786
1014
776
787
1015
777
788
1016
778
789
1017
779
790
1018
791
1019
781
792
1020
782
793
1021
783
794
1022
784
795
1023
785
796
1024
786
797
1025
787
798
1026
788
799
1027
789
800
1028
790
801
1029
791
802
1030
803
1031
793
804
1032
794
805
1033
795
806
1034
796
807
1035
797
808
1036
798
809
1037
799
810
1038
800
811
1039
801
812
1040
802
813
1041
803
814
1042
815
1043
805
816
1044
806
817
1045
807
818
1046
808
819
1047
809
820
1048
810
821
1049
811
822
1050
812
823
1051
813
824
1052
814
825
1053
815
826
1054
827
1055
817
828
1056
818
829
1057
819
830
1058
820
831
1059
821
832
1060
822
833
1061
823
834
1062
824
835
1063
825
836
1064
826
837
1065
827
838
1066
839
1067
829
840
1068
830
841
1069
831
842
1070
832
843
1071
833
844
1072
834
845
1073
835
846
1074
836
847
1075
837
848
1076
838
849
1077
839
850
1078
851
1079
841
852
1080
842
853
1081
843
854
1082
844
855
1083
845
856
1084
846
857
1085
847
858
1086
848
859
1087
849
860
1088
850
861
1089
851
862
1090
863
1091
853
864
1092
854
865
1093
855
866
1094
856
867
1095
857
868
1096
858
869
1097
859
870
1098
860
871
1099
861
872
1100
862
873
1101
863
874
1102
875
1103
865
876
1104
866
877
1105
867
878
1106
868
879
1107
869
880
1108
870
881
1109
871
882
1110
872
883
1111
873
884
1112
874
885
1113
875
886
1114
887
1115
877
888
1116
878
889
1117
879
890
1118
880
891
1119
881
892
1120
882
893
1121
883
894
1122
884
895
1123
885
896
1124
886
897
1125
887
898
1126
899
1127
889
900
1128
890
901
1129
891
902
1130
892
903
1131
893
904
1132
894
905
1133
895
906
1134
896
907
1135
897
908
1136
898
909
1137
899
910
1138
911
1139
901
912
1140
902
913
1141
903
914
1142
904
915
1143
905
916
1144
906
917
1145
907
918
1146
908
919
1147
909
920
1148
910
921
1149
911
922
1150
923
1151
913
924
1152
914
925
1153
915
926
1154
916
927
1155
917
928
1156
918
929
1157
919
930
1158
920
931
1159
921
932
1160
922
933
1161
923
934
1162
935
1163
925
936
1164
926
937
1165
927
938
1166
928
939
1167
929
940
1168
930
941
1169
931
942
1170
932
943
1171
933
944
1172
934
945
1173
935
946
1174
947
1175
937
948
1176
938
949
1177
939
950
1178
940
951
1179
941
952
1180
942
953
1181
943
954
1182
944
955
1183
945
956
1184
946
957
1185
947
958
1186
959
1187
949
1188
950
1189
951
1190
952
1191
953
1192
954
1193
955
1194
956
1195
957
1196
958
1197
959
1198
1199
961
972
1200
962
973
1201
963
974
1202
964
975
1203
965
976
1204
966
977
1205
967
978
1206
968
979
1207
969
980
1208
970
981
1209
971
982
1210
983
1211
973
984
1212
974
985
1213
975
986
1214
976
987
1215
977
988
1216
978
989
1217
979
990
1218
980
991
1219
981
992
1220
982
993
1221
983
994
1222
995
1223
985
996
1224
986
997
1225
987
998
1226
988
999
1227
989
1000
1228
990
1001
1229
991
1002
1230
992
1003
1231
993
1004
1232
994
1005
1233
995
1006
1234
1007
1235
997
1008
1236
998
1009
1237
999
1010
1238
1000
1011
1239
1001
1012
1240
1002
1013
1241
1003
1014
1242
1004
1015
1243
1005
1016
1244
1006
1017
1245
1007
1018
1246
1019
1247
1009
1020
1248
1010
1021
1249
1011
1022
1250
1012
1023
1251
1013
1024
1252
1014
1025
1253
1015
1026
1254
1016
1027
1255
1017
1028
1256
1018
1029
1257
1019
1030
1258
1031
1259
1021
1032
1260
1022
1033
1261
1023
1034
1262
1024
1035
1263
1025
1036
1264
1026
1037
1265
1027
1038
1266
1028
1039
1267
1029
1040
1268
1030
1041
1269
1031
1042
1270
1043
1271
1033
1044
1272
1034
1045
1273
1035
1046
1274
1036
1047
1275
1037
1048
1276
1038
1049
1277
1039
1050
1278
1040
1051
1279
1041
1052
1280
1042
1053
1281
1043
1054
1282
1055
1283
1045
1056
1284
1046
1057
1285
1047
1058
1286
1048
1059
1287
1049
1060
1288
1050
1061
1289
1051
1062
1290
1052
1063
1291
1053
1064
1292
1054
1065
1293
1055
1066
1294
1067
1295
1057
1068
1296
1058
1069
1297
1059
1070
1298
1060
1071
1299
1061
1072
1300
1062
1073
1301
1063
1074
1302
1064
1075
1303
1065
1076
1304
1066
1077
1305
1067
1078
1306
1079
1307
1069
1080
1308
1070
1081
1309
1071
1082
1310
1072
1083
1311
1073
1084
1312
1074
1085
1313
1075
1086
1314
1076
1087
1315
1077
1088
1316
1078
1089
1317
1079
1090
1318
1091
1319
1081
1092
1320
1082
1093
1321
1083
1094
1322
1084
1095
1323
1085
1096
1324
1086
1097
1325
1087
1098
1326
1088
1099
1327
1089
1100
1328
1090
1101
1329
1091
1102
1330
1103
1331
1093
1104
1332
1094
1105
1333
1095
1106
1334
1096
1107
1335
1097
1108
1336
1098
1109
1337
1099
1110
1338
1100
1111
1339
1101
1112
1340
1102
1113
1341
1103
1114
1342
1115
1343
1105
1116
1344
1106
1117
1345
1107
1118
1346
1108
1119
1347
1109
1120
1348
1110
1121
1349
1111
1122
1350
1112
1123
1351
1113
1124
1352
1114
1125
1353
1115
1126
1354
1127
1355
1117
1128
1356
1118
1129
1357
1119
1130
1358
1120
1131
1359
1121
1132
1360
1122
1133
1361
1123
1134
1362
1124
1135
1363
1125
1136
1364
1126
1137
1365
1127
1138
1366
1139
1367
1129
1140
1368
1130
1141
1369
1131
1142
1370
1132
1143
1371
1133
1144
1372
1134
1145
1373
1135
1146
1374
1136
1147
1375
1137
1148
1376
1138
1149
1377
1139
1150
1378
1151
1379
1141
1152
1380
1142
1153
1381
1143
1154
1382
1144
1155
1383
1145
1156
1384
1146
1157
1385
1147
1158
1386
1148
1159
1387
1149
1160
1388
1150
1161
1389
1151
1162
1390
1163
1391
1153
1164
1392
1154
1165
1393
1155
1166
1394
1156
1167
1395
1157
1168
1396
1158
1169
1397
1159
1170
1398
1160
1171
1399
1161
1172
1400
1162
1173
1401
1163
1174
1402
1175
1403
1165
1176
1404
1166
1177
1405
1167
1178
1406
1168
1179
1407
1169
1180
1408
1170
1181
1409
1171
1182
1410
1172
1183
1411
1173
1184
1412
1174
1185
1413
1175
1186
1414
1187
1415
1177
1188
1416
1178
1189
1417
1179
1190
1418
1180
1191
1419
1181
1192
1420
1182
1193
1421
1183
1194
1422
1184
1195
1423
1185
1196
1424
1186
1197
1425
1187
1198
1426
1199
1427
1189
1428
1190
1429
1191
1430
1192
1431
1193
1432
1194
1433
1195
1434
1196
1435
1197
1436
1198
1437
1199
1438
1439
1201
1212
1440
1202
1213
1441
1203
1214
1442
1204
1215
1443
1205
1216
1444
1206
1217
1445
1207
1218
1446
1208
1219
1447
1209
1220
1448
1210
1221
1449
1211
1222
1450
1223
1451
1213
1224
1452
1214
1225
1453
1215
1226
1454
1216
1227
1455
1217
1228
1456
1218
1229
1457
1219
1230
1458
1220
1231
1459
1221
1232
1460
1222
1233
1461
1223
1234
1462
1235
1463
1225
1236
1464
1226
1237
1465
1227
1238
1466
1228
1239
1467
1229
1240
1468
1230
1241
1469
1231
1242
1470
1232
1243
1471
1233
1244
1472
1234
1245
1473
1235
1246
1474
1247
1475
1237
1248
1476
1238
1249
1477
1239
1250
1478
1240
1251
1479
1241
1252
1480
1242
1253
1481
1243
1254
1482
1244
1255
1483
1245
1256
1484
1246
1257
1485
1247
1258
1486
1259
1487
1249
1260
1488
1250
1261
1489
1251
1262
1490
1252
1263
1491
1253
1264
1492
1254
1265
1493
1255
1266
1494
1256
1267
1495
1257
1268
1496
1258
1269
1497
1259
1270
1498
1271
1499
1261
1272
1500
1262
1273
1501
1263
1274
1502
1264
1275
1503
1265
1276
1504
1266
1277
1505
1267
1278
1506
1268
1279
1507
1269
1280
1508
1270
1281
1509
1271
1282
1510
1283
1511
1273
1284
1512
1274
1285
1513
1275
1286
1514
1276
1287
1515
1277
1288
1516
1278
1289
1517
1279
1290
1518
1280
1291
1519
1281
1292
1520
1282
1293
1521
1283
1294
1522
1295
1523
1285
1296
1524
1286
1297
1525
1287
1298
1526
1288
1299
1527
1289
1300
1528
1290
1301
1529
1291
1302
1530
1292
1303
1531
1293
1304
1532
1294
1305
1533
1295
1306
1534
1307
1535
1297
1308
1536
1298
1309
1537
1299
1310
1538
1300
1311
1539
1301
1312
1540
1302
1313
1541
1303
1314
1542
1304
1315
1543
1305
1316
1544
1306
1317
1545
1307
1318
1546
1319
1547
1309
1320
1548
1310
1321
1549
1311
1322
1550
1312
1323
1551
1313
1324
1552
1314
1325
1553
1315
1326
1554
1316
1327
1555
1317
1328
1556
1318
1329
1557
1319
1330
1558
1331
1559
1321
1332
1560
1322
1333
1561
1323
1334
1562
1324
1335
1563
1325
1336
1564
1326
1337
1565
1327
1338
1566
1328
1339
1567
1329
1340
1568
1330
1341
1569
1331
1342
1570
1343
1571
1333
1344
1572
1334
1345
1573
1335
1346
1574
1336
1347
1575
1337
1348
1576
1338
1349
1577
1339
1350
1578
1340
1351
1579
1341
1352
1580
1342
1353
1581
1343
1354
1582
1355
1583
1345
1356
1584
1346
1357
1585
1347
1358
1586
1348
1359
1587
1349
1360
1588
1350
1361
1589
1351
1362
1590
1352
1363
1591
1353
1364
1592
1354
1365
1593
1355
1366
1594
1367
1595
1357
1368
1596
1358
1369
1597
1359
1370
1598
1360
1371
1599
1361
1372
1600
1362
1373
1601
1363
1374
1602
1364
1375
1603
1365
1376
1604
1366
1377
1605
1367
1378
1606
1379
1607
1369
1380
1608
1370
1381
1609
1371
1382
1610
1372
1383
1611
1373
1384
1612
1374
1385
1613
1375
1386
1614
1376
1387
1615
1377
1388
1616
1378
1389
1617
1379
1390
1618
1391
1619
1381
1392
1620
1382
1393
1621
1383
1394
1622
1384
1395
1623
1385
1396
1624
1386
1397
1625
1387
1398
1626
1388
1399
1627
1389
1400
1628
1390
1401
1629
1391
1402
1630
1403
1631
1393
1404
1632
1394
1405
1633
1395
1406
1634
1396
1407
1635
1397
1408
1636
1398
1409
1637
1399
1410
1638
1400
1411
1639
1401
1412
1640
1402
1413
1641
1403
1414
1642
1415
1643
1405
1416
1644
1406
1417
1645
1407
1418
1646
1408
1419
1647
1409
1420
1648
1410
1421
1649
1411
1422
1650
1412
1423
1651
1413
1424
1652
1414
1425
1653
1415
1426
1654
1427
1655
1417
1428
1656
1418
1429
1657
1419
1430
1658
1420
1431
1659
1421
1432
1660
1422
1433
1661
1423
1434
1662
1424
1435
1663
1425
1436
1664
1426
1437
1665
1427
1438
1666
1439
1667
1429
1668
1430
1669
1431
1670
1432
1671
1433
1672
1434
1673
1435
1674
1436
1675
1437
1676
1438
1677
1439
1678
1679
1441
1452
1680
1442
1453
1681
1443
1454
1682
1444
1455
1683
1445
1456
1684
1446
1457
1685
1447
1458
1686
1448
1459
1687
1449
1460
1688
1450
1461
1689
1451
1462
1690
1463
1691
1453
1464
1692
1454
1465
1693
1455
1466
1694
1456
1467
1695
1457
1468
1696
1458
1469
1697
1459
1470
1698
1460
1471
1699
1461
1472
1700
1462
1473
1701
1463
1474
1702
1475
1703
1465
1476
1704
1466
1477
1705
1467
1478
1706
1468
1479
1707
1469
1480
1708
1470
1481
1709
1471
1482
1710
1472
1483
1711
1473
1484
1712
1474
1485
1713
1475
1486
1714
1487
1715
1477
1488
1716
1478
1489
1717
1479
1490
1718
1480
1491
1719
1481
1492
1720
1482
1493
1721
1483
1494
1722
1484
1495
1723
1485
1496
1724
1486
1497
1725
1487
1498
1726
1499
1727
1489
1500
1728
1490
1501
1729
1491
1502
1730
1492
1503
1731
1493
1504
1732
1494
1505
1733
1495
1506
1734
1496
1507
1735
1497
1508
1736
1498
1509
1737
1499
1510
1738
1511
1739
1501
1512
1740
1502
1513
1741
1503
1514
1742
1504
1515
1743
1505
1516
1744
1506
1517
1745
1507
1518
1746
1508
1519
1747
1509
1520
1748
1510
1521
1749
1511
1522
1750
1523
1751
1513
1524
1752
1514
1525
1753
1515
1526
1754
1516
1527
1755
1517
1528
1756
1518
1529
1757
1519
1530
1758
1520
1531
1759
1521
1532
1760
1522
1533
1761
1523
1534
1762
1535
1763
1525
1536
1764
1526
1537
1765
1527
1538
1766
1528
1539
1767
1529
1540
1768
1530
1541
1769
1531
1542
1770
1532
1543
1771
1533
1544
1772
1534
1545
1773
1535
1546
1774
1547
1775
1537
1548
1776
1538
1549
1777
1539
1550
1778
1540
1551
1779
1541
1552
1780
1542
1553
1781
1543
1554
1782
1544
1555
1783
1545
1556
1784
1546
1557
1785
1547
1558
1786
1559
1787
1549
1560
1788
1550
1561
1789
1551
1562
1790
1552
1563
1791
1553
1564
1792
1554
1565
1793
1555
1566
1794
1556
1567
1795
1557
1568
1796
1558
1569
1797
1559
1570
1798
1571
1799
1561
1572
1800
1562
1573
1801
1563
1574
1802
1564
1575
1803
1565
1576
1804
1566
1577
1805
1567
1578
1806
1568
1579
1807
1569
1580
1808
1570
1581
1809
1571
1582
1810
1583
1811
1573
1584
1812
1574
1585
1813
1575
1586
1814
1576
1587
1815
1577
1588
1816
1578
1589
1817
1579
1590
1818
1580
1591
1819
1581
1592
1820
1582
1593
1821
1583
1594
1822
1595
1823
1585
1596
1824
1586
1597
1825
1587
1598
1826
1588
1599
1827
1589
1600
1828
1590
1601
1829
1591
1602
1830
1592
1603
1831
1593
1604
1832
1594
1605
1833
1595
1606
1834
1607
1835
1597
1608
1836
1598
1609
1837
1599
1610
1838
1600
1611
1839
1601
1612
1840
1602
1613
1841
1603
1614
1842
1604
1615
1843
1605
1616
1844
1606
1617
1845
1607
1618
1846
1619
1847
1609
1620
1848
1610
1621
1849
1611
1622
1850
1612
1623
1851
1613
1624
1852
1614
1625
1853
1615
1626
1854
1616
1627
1855
1617
1628
1856
1618
1629
1857
1619
1630
1858
1631
1859
1621
1632
1860
1622
1633
1861
1623
1634
1862
1624
1635
1863
1625
1636
1864
1626
1637
1865
1627
1638
1866
1628
1639
1867
1629
1640
1868
1630
1641
1869
1631
1642
1870
1643
1871
1633
1644
1872
1634
1645
1873
1635
1646
1874
1636
1647
1875
1637
1648
1876
1638
1649
1877
1639
1650
1878
1640
1651
1879
1641
1652
1880
1642
1653
1881
1643
1654
1882
1655
1883
1645
1656
1884
1646
1657
1885
1647
1658
1886
1648
1659
1887
1649
1660
1888
1650
1661
1889
1651
1662
1890
1652
1663
1891
1653
1664
1892
1654
1665
1893
1655
1666
1894
1667
1895
1657
1668
1896
1658
1669
1897
1659
1670
1898
1660
1671
1899
1661
1672
1900
1662
1673
1901
1663
1674
1902
1664
1675
1903
1665
1676
1904
1666
1677
1905
1667
1678
1906
1679
1907
1669
1908
1670
1909
1671
1910
1672
1911
1673
1912
1674
1913
1675
1914
1676
1915
1677
1916
1678
1917
1679
1918
1919
1681
1692
1920
1682
1693
1921
1683
1694
1922
1684
1695
1923
1685
1696
1924
1686
1697
1925
1687
1698
1926
1688
1699
1927
1689
1700
1928
1690
1701
1929
1691
1702
1930
1703
1931
1693
1704
1932
1694
1705
1933
1695
1706
1934
1696
1707
1935
1697
1708
1936
1698
1709
1937
1699
1710
1938
1700
1711
1939
1701
1712
1940
1702
1713
1941
1703
1714
1942
1715
1943
1705
1716
1944
1706
1717
1945
1707
1718
1946
1708
1719
1947
1709
1720
1948
1710
1721
1949
1711
1722
1950
1712
1723
1951
1713
1724
1952
1714
1725
1953
1715
1726
1954
1727
1955
1717
1728
1956
1718
1729
1957
1719
1730
1958
1720
1731
1959
1721
1732
1960
1722
1733
1961
1723
1734
1962
1724
1735
1963
1725
1736
1964
1726
1737
1965
1727
1738
1966
1739
1967
1729
1740
1968
1730
1741
1969
1731
1742
1970
1732
1743
1971
1733
1744
1972
1734
1745
1973
1735
1746
1974
1736
1747
1975
1737
1748
1976
1738
1749
1977
1739
1750
1978
1751
1979
1741
1752
1980
1742
1753
1981
1743
1754
1982
1744
1755
1983
1745
1756
1984
1746
1757
1985
1747
1758
1986
1748
1759
1987
1749
1760
1988
1750
1761
1989
1751
1762
1990
1763
1991
1753
1764
1992
1754
1765
1993
1755
1766
1994
1756
1767
1995
1757
1768
1996
1758
1769
1997
1759
1770
1998
1760
1771
1999
1761
1772
2000
1762
1773
2001
1763
1774
2002
1775
2003
1765
1776
2004
1766
1777
2005
1767
1778
2006
1768
1779
2007
1769
1780
2008
1770
1781
2009
1771
1782
2010
1772
1783
2011
1773
1784
2012
1774
1785
2013
1775
1786
2014
1787
2015
1777
1788
2016
1778
1789
2017
1779
1790
2018
1780
1791
2019
1781
1792
2020
1782
1793
2021
1783
1794
2022
1784
1795
2023
1785
1796
2024
1786
1797
2025
1787
1798
2026
1799
2027
1789
1800
2028
1790
1801
2029
1791
1802
2030
1792
1803
2031
1793
1804
2032
1794
1805
2033
1795
1806
2034
1796
1807
2035
1797
1808
2036
1798
1809
2037
1799
1810
2038
1811
2039
1801
1812
2040
1802
1813
2041
1803
1814
2042
1804
1815
2043
1805
1816
2044
1806
1817
2045
1807
1818
2046
1808
1819
2047
1809
1820
2048
1810
1821
2049
1811
1822
2050
1823
2051
1813
1824
2052
1814
1825
2053
1815
1826
2054
1816
1827
2055
1817
1828
2056
1818
1829
2057
1819
1830
2058
1820
1831
2059
1821
1832
2060
1822
1833
2061
1823
1834
2062
1835
2063
1825
1836
2064
1826
1837
2065
1827
1838
2066
1828
1839
2067
1829
1840
2068
1830
1841
2069
1831
1842
2070
1832
1843
2071
1833
1844
2072
1834
1845
2073
1835
1846
2074
1847
2075
1837
1848
2076
1838
1849
2077
1839
1850
2078
1840
1851
2079
1841
1852
2080
1842
1853
2081
1843
1854
2082
1844
1855
2083
1845
1856
2084
1846
1857
2085
1847
1858
2086
1859
2087
1849
1860
2088
1850
1861
2089
1851
1862
2090
1852
1863
2091
1853
1864
2092
1854
1865
2093
1855
1866
2094
1856
1867
2095
1857
1868
2096
1858
1869
2097
1859
1870
2098
1871
2099
1861
1872
2100
1862
1873
2101
1863
1874
2102
1864
1875
2103
1865
1876
2104
1866
1877
2105
1867
1878
2106
1868
1879
2107
1869
1880
2108
1870
1881
2109
1871
1882
2110
1883
2111
1873
1884
2112
1874
1885
2113
1875
1886
2114
1876
1887
2115
1877
1888
2116
1878
1889
2117
1879
1890
2118
1880
1891
2119
1881
1892
2120
1882
1893
2121
1883
1894
2122
1895
2123
1885
1896
2124
1886
1897
2125
1887
1898
2126
1888
1899
2127
1889
1900
2128
1890
1901
2129
1891
1902
2130
1892
1903
2131
1893
1904
2132
1894
1905
2133
1895
1906
2134
1907
2135
1897
1908
2136
1898
1909
2137
1899
1910
2138
1900
1911
2139
1901
1912
2140
1902
1913
2141
1903
1914
2142
1904
1915
2143
1905
1916
2144
1906
1917
2145
1907
1918
2146
1919
2147
1909
2148
1910
2149
1911
2150
1912
2151
1913
2152
1914
2153
1915
2154
1916
2155
1917
2156
1918
2157
1919
2158
2159
1921
1932
2160
1922
1933
2161
1923
1934
2162
1924
1935
2163
1925
1936
2164
1926
1937
2165
1927
1938
2166
1928
1939
2167
1929
1940
2168
1930
1941
2169
1931
1942
2170
1943
2171
1933
1944
2172
1934
1945
2173
1935
1946
2174
1936
1947
2175
1937
1948
2176
1938
1949
2177
1939
1950
2178
1940
1951
2179
1941
1952
2180
1942
1953
2181
1943
1954
2182
1955
2183
1945
1956
2184
1946
1957
2185
1947
1958
2186
1948
1959
2187
1949
1960
2188
1950
1961
2189
1951
1962
2190
1952
1963
2191
1953
1964
2192
1954
1965
2193
1955
1966
2194
1967
2195
1957
1968
2196
1958
1969
2197
1959
1970
2198
1960
1971
2199
1961
1972
2200
1962
1973
2201
1963
1974
2202
1964
1975
2203
1965
1976
2204
1966
1977
2205
1967
1978
2206
1979
2207
1969
1980
2208
1970
1981
2209
1971
1982
2210
1972
1983
2211
1973
1984
2212
1974
1985
2213
1975
1986
2214
1976
1987
2215
1977
1988
2216
1978
1989
2217
1979
1990
2218
1991
2219
1981
1992
2220
1982
1993
2221
1983
1994
2222
1984
1995
2223
1985
1996
2224
1986
1997
2225
1987
1998
2226
1988
1999
2227
1989
2000
2228
1990
2001
2229
1991
2002
2230
2003
2231
1993
2004
2232
1994
2005
2233
1995
2006
2234
1996
2007
2235
1997
2008
2236
1998
2009
2237
1999
2010
2238
2000
2011
2239
2001
2012
2240
2002
2013
2241
2003
2014
2242
2015
2243
2005
2016
2244
2006
2017
2245
2007
2018
2246
2008
2019
2247
2009
2020
2248
2010
2021
2249
2011
2022
2250
2012
2023
2251
2013
2024
2252
2014
2025
2253
2015
2026
2254
2027
2255
2017
2028
2256
2018
2029
2257
2019
2030
2258
2020
2031
2259
2021
2032
2260
2022
2033
2261
2023
2034
2262
2024
2035
2263
2025
2036
2264
2026
2037
2265
2027
2038
2266
2039
2267
2029
2040
2268
2030
2041
2269
2031
2042
2270
2032
2043
2271
2033
2044
2272
2034
2045
2273
2035
2046
2274
2036
2047
2275
2037
2048
2276
2038
2049
2277
2039
2050
2278
2051
2279
2041
2052
2280
2042
2053
2281
2043
2054
2282
2044
2055
2283
2045
2056
2284
2046
2057
2285
2047
2058
2286
2048
2059
2287
2049
2060
2288
2050
2061
2289
2051
2062
2290
2063
2291
2053
2064
2292
2054
2065
2293
2055
2066
2294
2056
2067
2295
2057
2068
2296
2058
2069
2297
2059
2070
2298
2060
2071
2299
2061
2072
2300
2062
2073
2301
2063
2074
2302
2075
2303
2065
2076
2304
2066
2077
2305
2067
2078
2306
2068
2079
2307
2069
2080
2308
2070
2081
2309
2071
2082
2310
2072
2083
2311
2073
2084
2312
2074
2085
2313
2075
2086
2314
2087
2315
2077
2088
2316
2078
2089
2317
2079
2090
2318
2080
2091
2319
2081
2092
2320
2082
2093
2321
2083
2094
2322
2084
2095
2323
2085
2096
2324
2086
2097
2325
2087
2098
2326
2099
2327
2089
2100
2328
2090
2101
2329
2091
2102
2330
2092
2103
2331
2093
2104
2332
2094
2105
2333
2095
2106
2334
2096
2107
2335
2097
2108
2336
2098
2109
2337
2099
2110
2338
2111
2339
2101
2112
2340
2102
2113
2341
2103
2114
2342
2104
2115
2343
2105
2116
2344
2106
2117
2345
2107
2118
2346
2108
2119
2347
2109
2120
2348
2110
2121
2349
2111
2122
2350
2123
2351
2113
2124
2352
2114
2125
2353
2115
2126
2354
2116
2127
2355
2117
2128
2356
2118
2129
2357
2119
2130
2358
2120
2131
2359
2121
2132
2360
2122
2133
2361
2123
2134
2362
2135
2363
2125
2136
2364
2126
2137
2365
2127
2138
2366
2128
2139
2367
2129
2140
2368
2130
2141
2369
2131
2142
2370
2132
2143
2371
2133
2144
2372
2134
2145
2373
2135
2146
2374
2147
2375
2137
2148
2376
2138
2149
2377
2139
2150
2378
2140
2151
2379
2141
2152
2380
2142
2153
2381
2143
2154
2382
2144
2155
2383
2145
2156
2384
2146
2157
2385
2147
2158
2386
2159
2387
2149
2388
2150
2389
2151
2390
2152
2391
2153
2392
2154
2393
2155
2394
2156
2395
2157
2396
2158
2397
2159
2398
2399
2161
2172
2400
2162
2173
2401
2163
2174
2402
2164
2175
2403
2165
2176
2404
2166
2177
2405
2167
2178
2406
2168
2179
2407
2169
2180
2408
2170
2181
2409
2171
2182
2410
2183
2411
2173
2184
2412
2174
2185
2413
2175
2186
2414
2176
2187
2415
2177
2188
2416
2178
2189
2417
2179
2190
2418
2180
2191
2419
2181
2192
2420
2182
2193
2421
2183
2194
2422
2195
2423
2185
2196
2424
2186
2197
2425
2187
2198
2426
2188
2199
2427
2189
2200
2428
2190
2201
2429
2191
2202
2430
2192
2203
2431
2193
2204
2432
2194
2205
2433
2195
2206
2434
2207
2435
2197
2208
2436
2198
2209
2437
2199
2210
2438
2200
2211
2439
2201
2212
2440
2202
2213
2441
2203
2214
2442
2204
2215
2443
2205
2216
2444
2206
2217
2445
2207
2218
2446
2219
2447
2209
2220
2448
2210
2221
2449
2211
2222
2450
2212
2223
2451
2213
2224
2452
2214
2225
2453
2215
2226
2454
2216
2227
2455
2217
2228
2456
2218
2229
2457
2219
2230
2458
2231
2459
2221
2232
2460
2222
2233
2461
2223
2234
2462
2224
2235
2463
2225
2236
2464
2226
2237
2465
2227
2238
2466
2228
2239
2467
2229
2240
2468
2230
2241
2469
2231
2242
2470
2243
2471
2233
2244
2472
2234
2245
2473
2235
2246
2474
2236
2247
2475
2237
2248
2476
2238
2249
2477
2239
2250
2478
2240
2251
2479
2241
2252
2480
2242
2253
2481
2243
2254
2482
2255
2483
2245
2256
2484
2246
2257
2485
2247
2258
2486
2248
2259
2487
2249
2260
2488
2250
2261
2489
2251
2262
2490
2252
2263
2491
2253
2264
2492
2254
2265
2493
2255
2266
2494
2267
2495
2257
2268
2496
2258
2269
2497
2259
2270
2498
2260
2271
2499
2261
2272
2500
2262
2273
2501
2263
2274
2502
2264
2275
2503
2265
2276
2504
2266
2277
2505
2267
2278
2506
2279
2507
2269
2280
2508
2270
2281
2509
2271
2282
2510
2272
2283
2511
2273
2284
2512
2274
2285
2513
2275
2286
2514
2276
2287
2515
2277
2288
2516
2278
2289
2517
2279
2290
2518
2291
2519
2281
2292
2520
2282
2293
2521
2283
2294
2522
2284
2295
2523
2285
2296
2524
2286
2297
2525
2287
2298
2526
2288
2299
2527
2289
2300
2528
2290
2301
2529
2291
2302
2530
2303
2531
2293
2304
2532
2294
2305
2533
2295
2306
2534
2296
2307
2535
2297
2308
2536
2298
2309
2537
2299
2310
2538
2300
2311
2539
2301
2312
2540
2302
2313
2541
2303
2314
2542
2315
2543
2305
2316
2544
2306
2317
2545
2307
2318
2546
2308
2319
2547
2309
2320
2548
2310
2321
2549
2311
2322
2550
2312
2323
2551
2313
2324
2552
2314
2325
2553
2315
2326
2554
2327
2555
2317
2328
2556
2318
2329
2557
2319
2330
2558
2320
2331
2559
2321
2332
2560
2322
2333
2561
2323
2334
2562
2324
2335
2563
2325
2336
2564
2326
2337
2565
2327
2338
2566
2339
2567
2329
2340
2568
2330
2341
2569
2331
2342
2570
2332
2343
2571
2333
2344
2572
2334
2345
2573
2335
2346
2574
2336
2347
2575
2337
2348
2576
2338
2349
2577
2339
2350
2578
2351
2579
2341
2352
2580
2342
2353
2581
2343
2354
2582
2344
2355
2583
2345
2356
2584
2346
2357
2585
2347
2358
2586
2348
2359
2587
2349
2360
2588
2350
2361
2589
2351
2362
2590
2363
2591
2353
2364
2592
2354
2365
2593
2355
2366
2594
2356
2367
2595
2357
2368
2596
2358
2369
2597
2359
2370
2598
2360
2371
2599
2361
2372
2600
2362
2373
2601
2363
2374
2602
2375
2603
2365
2376
2604
2366
2377
2605
2367
2378
2606
2368
2379
2607
2369
2380
2608
2370
2381
2609
2371
2382
2610
2372
2383
2611
2373
2384
2612
2374
2385
2613
2375
2386
2614
2387
2615
2377
2388
2616
2378
2389
2617
2379
2390
2618
2380
2391
2619
2381
2392
2620
2382
2393
2621
2383
2394
2622
2384
2395
2623
2385
2396
2624
2386
2397
2625
2387
2398
2626
2399
2627
2389
2628
2390
2629
2391
2630
2392
2631
2393
2632
2394
2633
2395
2634
2396
2635
2397
2636
2398
2637
2399
2638
2639
2401
2412
2640
2402
2413
2641
2403
2414
2642
2404
2415
2643
2405
2416
2644
2406
2417
2645
2407
2418
2646
2408
2419
2647
2409
2420
2648
2410
2421
2649
2411
2422
2650
2423
2651
2413
2424
2652
2414
2425
2653
2415
2426
2654
2416
2427
2655
2417
2428
2656
2418
2429
2657
2419
2430
2658
2420
2431
2659
2421
2432
2660
2422
2433
2661
2423
2434
2662
2435
2663
2425
2436
2664
2426
2437
2665
2427
2438
2666
2428
2439
2667
2429
2440
2668
2430
2441
2669
2431
2442
2670
2432
2443
2671
2433
2444
2672
2434
2445
2673
2435
2446
2674
2447
2675
2437
2448
2676
2438
2449
2677
2439
2450
2678
2440
2451
2679
2441
2452
2680
2442
2453
2681
2443
2454
2682
2444
2455
2683
2445
2456
2684
2446
2457
2685
2447
2458
2686
2459
2687
2449
2460
2688
2450
2461
2689
2451
2462
2690
2452
2463
2691
2453
2464
2692
2454
2465
2693
2455
2466
2694
2456
2467
2695
2457
2468
2696
2458
2469
2697
2459
2470
2698
2471
2699
2461
2472
2700
2462
2473
2701
2463
2474
2702
2464
2475
2703
2465
2476
2704
2466
2477
2705
2467
2478
2706
2468
2479
2707
2469
2480
2708
2470
2481
2709
2471
2482
2710
2483
2711
2473
2484
2712
2474
2485
2713
2475
2486
2714
2476
2487
2715
2477
2488
2716
2478
2489
2717
2479
2490
2718
2480
2491
2719
2481
2492
2720
2482
2493
2721
2483
2494
2722
2495
2723
2485
2496
2724
2486
2497
2725
2487
2498
2726
2488
2499
2727
2489
2500
2728
2490
2501
2729
2491
2502
2730
2492
2503
2731
2493
2504
2732
2494
2505
2733
2495
2506
2734
2507
2735
2497
2508
2736
2498
2509
2737
2499
2510
2738
2500
2511
2739
2501
2512
2740
2502
2513
2741
2503
2514
2742
2504
2515
2743
2505
2516
2744
2506
2517
2745
2507
2518
2746
2519
2747
2509
2520
2748
2510
2521
2749
2511
2522
2750
2512
2523
2751
2513
2524
2752
2514
2525
2753
2515
2526
2754
2516
2527
2755
2517
2528
2756
2518
2529
2757
2519
2530
2758
2531
2759
2521
2532
2760
2522
2533
2761
2523
2534
2762
2524
2535
2763
2525
2536
2764
2526
2537
2765
2527
2538
2766
2528
2539
2767
2529
2540
2768
2530
2541
2769
2531
2542
2770
2543
2771
2533
2544
2772
2534
2545
2773
2535
2546
2774
2536
2547
2775
2537
2548
2776
2538
2549
2777
2539
2550
2778
2540
2551
2779
2541
2552
2780
2542
2553
2781
2543
2554
2782
2555
2783
2545
2556
2784
2546
2557
2785
2547
2558
2786
2548
2559
2787
2549
2560
2788
2550
2561
2789
2551
2562
2790
2552
2563
2791
2553
2564
2792
2554
2565
2793
2555
2566
2794
2567
2795
2557
2568
2796
2558
2569
2797
2559
2570
2798
2560
2571
2799
2561
2572
2800
2562
2573
2801
2563
2574
2802
2564
2575
2803
2565
2576
2804
2566
2577
2805
2567
2578
2806
2579
2807
2569
2580
2808
2570
2581
2809
2571
2582
2810
2572
2583
2811
2573
2584
2812
2574
2585
2813
2575
2586
2814
2576
2587
2815
2577
2588
2816
2578
2589
2817
2579
2590
2818
2591
2819
2581
2592
2820
2582
2593
2821
2583
2594
2822
2584
2595
2823
2585
2596
2824
2586
2597
2825
2587
2598
2826
2588
2599
2827
2589
2600
2828
2590
2601
2829
2591
2602
2830
2603
2831
2593
2604
2832
2594
2605
2833
2595
2606
2834
2596
2607
2835
2597
2608
2836
2598
2609
2837
2599
2610
2838
2600
2611
2839
2601
2612
2840
2602
2613
2841
2603
2614
2842
2615
2843
2605
2616
2844
2606
2617
2845
2607
2618
2846
2608
2619
2847
2609
2620
2848
2610
2621
2849
2611
2622
2850
2612
2623
2851
2613
2624
2852
2614
2625
2853
2615
2626
2854
2627
2855
2617
2628
2856
2618
2629
2857
2619
2630
2858
2620
2631
2859
2621
2632
2860
2622
2633
2861
2623
2634
2862
2624
2635
2863
2625
2636
2864
2626
2637
2865
2627
2638
2866
2639
2867
2629
2868
2630
2869
2631
2870
2632
2871
2633
2872
2634
2873
2635
2874
2636
2875
2637
2876
2638
2877
2639
2878
2879
2641
2652
2642
2653
2643
2654
2644
2655
2645
2656
2646
2657
2647
2658
2648
2659
2649
2660
2650
2661
2651
2662
2663
2653
2664
2654
2665
2655
2666
2656
2667
2657
2668
2658
2669
2659
2670
2660
2671
2661
2672
2662
2673
2663
2674
2675
2665
2676
2666
2677
2667
2678
2668
2679
2669
2680
2670
2681
2671
2682
2672
2683
2673
2684
2674
2685
2675
2686
2687
2677
2688
2678
2689
2679
2690
2680
2691
2681
2692
2682
2693
2683
2694
2684
2695
2685
2696
2686
2697
2687
2698
2699
2689
2700
2690
2701
2691
2702
2692
2703
2693
2704
2694
2705
2695
2706
2696
2707
2697
2708
2698
2709
2699
2710
2711
2701
2712
2702
2713
2703
2714
2704
2715
2705
2716
2706
2717
2707
2718
2708
2719
2709
2720
2710
2721
2711
2722
2723
2713
2724
2714
2725
2715
2726
2716
2727
2717
2728
2718
2729
2719
2730
2720
2731
2721
2732
2722
2733
2723
2734
2735
2725
2736
2726
2737
2727
2738
2728
2739
2729
2740
2730
2741
2731
2742
2732
2743
2733
2744
2734
2745
2735
2746
2747
2737
2748
2738
2749
2739
2750
2740
2751
2741
2752
2742
2753
2743
2754
2744
2755
2745
2756
2746
2757
2747
2758
2759
2749
2760
2750
2761
2751
2762
2752
2763
2753
2764
2754
2765
2755
2766
2756
2767
2757
2768
2758
2769
2759
2770
2771
2761
2772
2762
2773
2763
2774
2764
2775
2765
2776
2766
2777
2767
2778
2768
2779
2769
2780
2770
2781
2771
2782
2783
2773
2784
2774
2785
2775
2786
2776
2787
2777
2788
2778
2789
2779
2790
2780
2791
2781
2792
2782
2793
2783
2794
2795
2785
2796
2786
2797
2787
2798
2788
2799
2789
2800
2790
2801
2791
2802
2792
2803
2793
2804
2794
2805
2795
2806
2807
2797
2808
2798
2809
2799
2810
2800
2811
2801
2812
2802
2813
2803
2814
2804
2815
2805
2816
2806
2817
2807
2818
2819
2809
2820
2810
2821
2811
2822
2812
2823
2813
2824
2814
2825
2815
2826
2816
2827
2817
2828
2818
2829
2819
2830
2831
2821
2832
2822
2833
2823
2834
2824
2835
2825
2836
2826
2837
2827
2838
2828
2839
2829
2840
2830
2841
2831
2842
2843
2833
2844
2834
2845
2835
2846
2836
2847
2837
2848
2838
2849
2839
2850
2840
2851
2841
2852
2842
2853
2843
2854
2855
2845
2856
2846
2857
2847
2858
2848
2859
2849
2860
2850
2861
2851
2862
2852
2863
2853
2864
2854
2865
2855
2866
2867
2857
2868
2858
2869
2859
2870
2860
2871
2861
2872
2862
2873
2863
2874
2864
2875
2865
2876
2866
2877
2867
2878
2879
2869
2870
2871
2872
2873
2874
2875
2876
2877
2878
2879
)


// ************************************************************************* //
